   1.0650353315795520E-095
   1.6161174507202394E-095
   2.2433260759199153E-095
   2.7230187299861398E-095
   2.5225980427072963E-095
   6.4801315676419601E-096
  -4.3449584010179873E-095
  -1.3747523532101742E-094
  -2.6759489698901963E-094
  -3.6514225799689771E-094
  -2.4934480258110552E-094
   3.7635660872105560E-094
   1.7263917575860145E-093
   3.3150070847866447E-093
   2.9499126169856036E-093
  -3.5352619468494708E-093
  -1.8613066064840561E-092
  -3.1710142704642356E-092
  -5.5006282507404769E-093
   1.0673064093696514E-091
   2.5210342500822502E-091
   9.8549574234316057E-092
  -8.4262853334651436E-091
  -2.0350771024192527E-090
  -3.5017917210113405E-092
   9.1040123004578317E-090
   1.5126520415083503E-089
  -1.9900988721474170E-089
  -1.0264928870219353E-088
  -3.8532466936422478E-089
   4.7883718298004776E-088
   7.4741457855030330E-088
  -1.8036301692735274E-087
  -5.7772364145916174E-087
   5.4171985304888405E-087
   3.6975274982399669E-086
  -9.5929378670993283E-087
  -2.2537489670892470E-085
  -2.7040304264635853E-086
   1.3884511381008112E-084
   3.9242682880160444E-085
  -8.8787536011004260E-084
  -2.0467371113575169E-084
   5.9082920060928408E-083
  -2.3174050201681900E-084
  -4.0171265029435561E-082
   2.0990162634888505E-082
   2.6893790321679779E-081
  -3.3410222750105798E-081
  -1.6662897717935323E-080
   3.9087640995842657E-080
   8.3703121896653193E-080
  -3.8082848940240787E-079
  -1.7761858700004511E-079
   3.1069021784592032E-078
  -2.8902430533731225E-078
  -1.9694258871796371E-077
   5.2857275583166461E-077
   6.7460725423347399E-077
  -5.3139713732979491E-076
   4.2472850008641488E-076
   3.4221080794145132E-075
  -1.0118855412466306E-074
  -6.7186934363346652E-075
   9.5578939292854338E-074
  -1.5623567152924698E-073
  -4.1479880389544457E-073
   2.2352091606341919E-072
  -2.0841067785830549E-072
  -1.2749413458224075E-071
   4.9587219117109171E-071
  -3.0229759305187406E-071
  -3.1020646562076976E-070
   1.1184787775601911E-069
  -8.6333765941133117E-070
  -6.0740189206643050E-069
   2.6337256728300771E-068
  -4.1984204658262261E-068
  -6.2434563241711447E-068
   6.1790671327244257E-067
  -2.0452792014396544E-066
   2.6278382742884926E-066
   1.1789894034947437E-065
  -8.7618753909056167E-065
   2.5172550457656785E-064
  -5.0442566913649276E-066
  -3.2064344217014552E-063
   1.3968311758653554E-062
  -1.9351667302208244E-062
  -9.2547914497690434E-062
   6.3021572704302023E-061
  -1.5092787604976220E-060
  -1.3699987083734863E-060
   2.4060521362302812E-059
  -8.4297989155423187E-059
   6.4596625469331447E-059
   7.3717816608681719E-058
  -3.8754586895297128E-057
   7.6059802913041805E-057
   1.3713813100658355E-056
  -1.4813149498127491E-055
   4.6918258255553199E-055
  -2.6102528796253701E-055
  -4.3924001884404471E-054
   2.1932293251833165E-053
  -4.3077570438952514E-053
  -7.0257453032063056E-053
   8.0713652712356789E-052
  -2.6857366962065044E-051
   2.2924317751801326E-051
   2.1229628659624281E-050
  -1.1941070141251508E-049
   2.7661430362935395E-049
   1.7023246758982989E-049
  -3.9490046920254490E-048
   1.5403305538989029E-047
  -2.2242669903106452E-047
  -7.9572915994305770E-047
   6.0724853613538431E-046
  -1.7654020370198022E-045
   8.2037842494951595E-046
   1.6631642171449096E-044
  -8.2874432725373783E-044
   1.7575643706197624E-043
   1.7087449659606100E-043
  -2.7593873074516716E-042
   1.0222131557983786E-041
  -1.3650714957947925E-041
  -5.6007242189891075E-041
   4.0089976941226831E-040
  -1.1253177690860693E-039
   4.0031998052909041E-040
   1.0938809987018143E-038
  -5.2220408105525137E-038
   1.0437471041261948E-037
   1.3232323977830519E-037
  -1.7399831546351858E-036
   6.0296478470861447E-036
  -6.5522682140072909E-036
  -3.8901579563558469E-035
   2.3861090265772558E-034
  -5.8418737819280429E-034
  -1.5799034139577834E-034
   7.0863285927511125E-033
  -2.7965630722510817E-032
   3.9148892456685513E-032
   1.4234824572582491E-031
  -1.0117652196775130E-030
   2.6032766253111083E-030
   3.2022588128995824E-031
  -2.9272548092001726E-029
   1.1399369022679884E-028
  -1.4150768023968776E-028
  -6.5245796188171105E-028
   4.0516732450829682E-027
  -8.8447581326057970E-027
  -8.5135357817375276E-027
   1.2476788795800477E-025
  -3.8131703727401966E-025
   1.2938384251887929E-025
   3.4488088391434293E-024
  -1.3866569070794204E-023
   1.4649675038889105E-023
   8.8596087189236705E-023
  -4.5690305518085973E-022
   6.8406409227507702E-022
   2.2331419469460466E-021
  -1.4201716388241287E-020
   2.4487861535252658E-020
   6.0118164863477930E-020
  -4.2674188255174766E-019
   7.3564603218167118E-019
   1.8656147114900135E-018
  -1.2476410129876717E-017
   1.8221698887089890E-017
   6.5772456451062028E-017
  -3.4765459438306886E-016
   3.1031314490883069E-016
   2.3815037859266318E-015
  -8.6674078651341771E-015
  -8.1805485754231081E-016
   7.8866319761494231E-014
  -1.6437795209460110E-013
  -3.4667223226688679E-013
   2.1002371570054773E-012
  -9.3577171813476518E-013
  -1.6122588188802911E-011
   3.3943066512305989E-011
   8.2538707863648812E-011
  -3.9003191804367310E-010
  -1.8709031477252484E-010
   3.3143327458872895E-009
  -1.6418398385565749E-009
  -2.4468186064818281E-008
   2.7869216619861257E-008
   1.7223565177272112E-007
  -2.5577763022551327E-007
  -1.2391044209102367E-006
   1.7248732238188809E-006
   9.3188703080004152E-006
  -7.2431779928157725E-006
  -6.9216742542732674E-005
  -1.8752658881252298E-005
   4.3318340351451560E-004
   7.6433179976889091E-004
  -1.3848402920327752E-003
  -7.5502032166904955E-003
  -9.5533519549194472E-003
   1.8271824452862712E-002
  0.10960256943093458     
  0.27459888369188007     
  0.47098116682904989     
  0.61443125140723387     
  0.63249645374329144     
  0.51793665820636936     
  0.33212590621540494     
  0.15748196353246058     
   4.4815414329716696E-002
  -3.0424194649964348E-003
  -1.1454958013314869E-002
  -6.4847233575569237E-003
  -1.6756785078167462E-003
   1.5133324296075148E-004
   3.0862307238305821E-004
   1.1328444307339073E-004
   8.4415125405989342E-006
  -9.1014034581057710E-006
  -3.8773681811379283E-006
  -3.8341462940609917E-007
   2.0773296688261948E-007
   8.3590233062373079E-008
   6.3037297882855853E-009
  -3.7800389811447180E-009
  -1.1598448765933462E-009
  -3.2282666245908380E-011
   4.9162814501716271E-011
   9.8923063335257152E-012
  -3.4297221803449318E-013
  -4.0982163983659484E-013
  -4.7689066107348420E-014
   5.8346485594334335E-015
   2.0632874294182854E-015
   1.0763122125496362E-016
  -3.4524895797266882E-017
  -6.1230444995832630E-018
  -2.5059119953288058E-021
   1.0620993512647014E-019
   1.0658903819238430E-020
  -5.1187824448878512E-022
  -1.8937216639419139E-022
  -1.0972798242820608E-023
   1.1372824320931071E-024
   2.0926412963758077E-025
   6.8689626511261576E-027
  -1.2314776355945309E-027
  -1.5171652274422346E-028
  -2.8707063304911650E-030
   7.8860999773504449E-031
   7.5691621867970173E-032
   1.0265501198955760E-033
  -3.1907958911291383E-034
  -2.6779689119175834E-035
  -3.8918999092539959E-037
   8.3348214129884446E-038
   6.7664775248633640E-039
   1.3032737439363619E-040
  -1.3893079121870344E-041
  -1.2076184774357169E-042
  -3.0836062939047962E-044
   1.3853669540615546E-045
   1.4933384326526102E-046
   4.8268850737174144E-048
  -6.1720240188808065E-050
  -1.2493467777964619E-050
  -4.9964536007425001E-052
  -2.5531039862556445E-054
   6.7936708351707497E-055
   3.4584368524737811E-056
   5.6825215718241527E-058
  -2.1436015741376156E-059
  -1.6086316350195476E-060
  -4.0477444564928178E-062
   1.7747040996872035E-064
   4.9519621500006093E-065
   1.7028747217650326E-066
   1.6332646752187132E-068
  -9.3480712208413710E-070
  -4.6943537258454157E-071
  -8.6529879915708116E-073
   6.9214262719907777E-075
   8.6294342621345458E-076
   2.3024398739183055E-077
   1.5170107583358552E-079
  -9.9788976909115839E-081
  -3.9441356535683546E-082
  -5.8759863091225058E-084
   4.9427503402581621E-086
   4.5472393349665913E-087
   1.0146021430642031E-088
   5.3686134225469191E-091
  -3.3538395825757247E-092
  -1.1258497040142741E-093
  -1.4413529151488353E-095
   1.0789435438306082E-097
   8.5141819130572886E-099
   1.6588034543442156E-100
   7.7993038764658310E-103
  -4.1746191933877325E-104
  -1.2398321864378264E-105
  -1.4124743550721069E-107
   8.8549982357003082E-110
   6.4071973413329601E-111
   1.1172069275286042E-112
   4.8766927493892365E-115
  -2.1726444198882468E-116
  -5.8346220987217297E-118
  -6.0215906308186612E-120
   3.1387456696740737E-122
   2.1384360564166142E-123
   3.3815040775777862E-125
   1.3815101398607916E-127
  -5.2046516061510074E-129
  -1.2764718273461144E-130
  -1.2022251472006962E-132
   5.3547518665014287E-135
   3.4313138682743098E-136
   4.9495907687122586E-138
   1.8731793987618536E-140
  -6.2059676647946759E-142
  -1.3928532257749791E-143
  -1.1981932162734438E-145
   4.8001124230488109E-148
   2.8305929529723995E-149
   3.7284321543755828E-151
   1.2803575330720376E-153
  -3.9289435131929136E-155
  -8.0435319925003111E-157
  -6.2982851405920991E-159
   2.4211834364256335E-161
   1.2699496175932905E-162
   1.5240844759167312E-164
   4.6121124259166411E-167
  -1.3932906659578544E-168
  -2.5852757493780960E-170
  -1.8304435027103083E-172
   7.2188069118442497E-175
   3.2497700300866966E-176
   3.5377431645222788E-178
   9.0555236604236637E-181
  -2.8936571447771059E-182
  -4.8281133956097397E-184
  -3.0618645389335168E-186
   1.3153320312499591E-188
   4.9392404621097951E-190
   4.8483710528090545E-192
   9.8612702795428898E-195
  -3.6530047377329732E-196
  -5.4364984588741396E-198
  -3.0494040112360563E-200
   1.4994422726568025E-202
   4.6159942433230693E-204
   4.0565573149097900E-206
   5.8623150217054091E-209
  -2.8924856964352649E-210
  -3.8106116611313270E-212
  -1.8590882234313782E-214
   1.0902425607285663E-216
   2.7330254620847833E-218
   2.1324658327485552E-220
   1.6711903547529869E-223
  -1.4755220035906560E-224
  -1.7092599337854006E-226
  -7.0870736846070580E-229
   5.1493828741332000E-231
   1.0520907088692737E-232
   7.2172920353306975E-235
   2.1908481944343168E-239
  -4.9633400344839401E-239
  -5.0253548903966953E-241
  -1.7112945740481769E-243
   1.6089955149417922E-245
   2.6935238123923142E-247
   1.6049254449370438E-249
  -1.3641805402956383E-252
  -1.1237230155463255E-253
  -9.8870578036405555E-256
  -2.6152549600345283E-258
   3.3867925326437127E-260
   4.6780183115778179E-262
   2.3826603356326796E-264
  -4.5775251272097683E-267
  -1.7439878639554440E-268
  -1.3249611382775866E-270
  -2.4489285299975000E-273
   4.8874538399041285E-275
   5.6083547185624276E-277
   2.3868634707222824E-279
  -7.8874590306479070E-282
  -1.8860843676673373E-283
  -1.2273769732344946E-285
  -1.2107340318665878E-288
   4.9166278566379457E-290
   4.7123464352853156E-292
   1.6177602169797857E-294
  -8.4996950489061415E-297
  -1.4425447673130837E-298
  -7.9500515337313122E-301
  -9.3074772023752526E-306
   3.5016779056970622E-305
   2.8114141067849566E-307
   7.3244480272894460E-310
  -6.1492251288145386E-312
  -7.9065618443003675E-314
  -3.6268775569678170E-316
   4.2139847065091600E-319
   1.7909879661745187E-320
   1.2845706791872410E-322
   0.0000000000000000     
   0.0000000000000000     
   0.0000000000000000     
   0.0000000000000000     
   0.0000000000000000     
   0.0000000000000000     
   0.0000000000000000     
   0.0000000000000000     
   0.0000000000000000     
   0.0000000000000000     
   0.0000000000000000     
   0.0000000000000000     
   0.0000000000000000     
   0.0000000000000000     
   0.0000000000000000     
   0.0000000000000000     
   0.0000000000000000     
   0.0000000000000000     
   0.0000000000000000     
   0.0000000000000000     
   0.0000000000000000     
   0.0000000000000000     
   0.0000000000000000     
   0.0000000000000000     
   0.0000000000000000     
   0.0000000000000000     
   0.0000000000000000     
   0.0000000000000000     
   0.0000000000000000     
   0.0000000000000000     
   0.0000000000000000     
   0.0000000000000000     
   0.0000000000000000     
   0.0000000000000000     
   0.0000000000000000     
   0.0000000000000000     
   0.0000000000000000     
   0.0000000000000000     
   0.0000000000000000     
   0.0000000000000000     
   0.0000000000000000     
   0.0000000000000000     
   0.0000000000000000     
   0.0000000000000000     
   0.0000000000000000     
   0.0000000000000000     
   0.0000000000000000     
   0.0000000000000000     
   0.0000000000000000     
   0.0000000000000000     
   0.0000000000000000     
   0.0000000000000000     
   0.0000000000000000     
   0.0000000000000000     
   0.0000000000000000     
   0.0000000000000000     
   0.0000000000000000     
   0.0000000000000000     
   0.0000000000000000     
   0.0000000000000000     
   0.0000000000000000     
   0.0000000000000000     
   0.0000000000000000     
   0.0000000000000000     
   0.0000000000000000     
   0.0000000000000000     
   0.0000000000000000     
   0.0000000000000000     
   0.0000000000000000     
   0.0000000000000000     
   0.0000000000000000     
   0.0000000000000000     
   0.0000000000000000     
   0.0000000000000000     
   0.0000000000000000     
   0.0000000000000000     
   0.0000000000000000     
   0.0000000000000000     
   0.0000000000000000     
   0.0000000000000000     
   0.0000000000000000     
   0.0000000000000000     
   0.0000000000000000     
