   1.4431939157732083E-048
   2.7756001955538835E-048
   4.7974150991118327E-048
   7.6557086083570695E-048
   1.1416373182574648E-047
   1.5949955470691857E-047
   2.0753508326451566E-047
   2.4708706952883951E-047
   2.5812127032335916E-047
   2.0984992994984221E-047
   6.1860937033012126E-048
  -2.2796290989723355E-047
  -6.8366411158698709E-047
  -1.2748555405739733E-046
  -1.8638312634363804E-046
  -2.1491944033384877E-046
  -1.6436011659858041E-046
   2.4269051979107751E-047
   3.9132058735435728E-046
   9.0124677225004550E-046
   1.3628501036405367E-045
   1.3663171025037456E-045
   3.2867474987125091E-046
  -2.2145101393500103E-045
  -5.9639044948267332E-045
  -8.9744316105968162E-045
  -7.1676703113709785E-045
   4.4396167001740501E-045
   2.7230674596036008E-044
   5.1181560205594810E-044
   4.8468803968079533E-044
  -1.9459076451004086E-044
  -1.6583099131400568E-043
  -3.1293710654793151E-043
  -2.4466579420996774E-043
   3.0560679435429988E-043
   1.3059028436088297E-042
   1.8997071021264074E-042
   3.1146843834992554E-043
  -4.7026812989919112E-042
  -1.0371535805428100E-041
  -7.0499022255663400E-042
   1.6544115429503521E-041
   5.2954203585258832E-041
   5.1254982059581847E-041
  -6.5050417506217612E-041
  -2.7866883356592926E-040
  -3.0461920265873629E-040
   3.3550518658701703E-040
   1.5681742009864335E-039
   1.6345947673864856E-039
  -2.3546831998844043E-039
  -9.3748789325005545E-039
  -7.5481369256588142E-039
   1.9599687104928638E-038
   5.7053283166433618E-038
   2.1036211877970572E-038
  -1.6775854451296930E-037
  -3.2642341833099914E-037
   1.1935663429743598E-037
   1.3515806910935787E-036
   1.4772208870139822E-036
  -2.9291453147721322E-036
  -9.4695285527614788E-036
  -1.6090267814860946E-036
   3.3743506750402241E-035
   4.9163953596647813E-035
  -6.8586093945746588E-035
  -2.7463249268043310E-034
  -5.9544510028718615E-035
   1.0141108734554103E-033
   1.3955448705426988E-033
  -2.5043552712740817E-033
  -8.3697140351032923E-033
   1.2438502446659828E-033
   3.5573607367166468E-032
   3.1181942597724346E-032
  -1.1655819617525240E-031
  -2.4397918088719923E-031
   2.5749144964846788E-031
   1.2723487683850017E-030
   6.3646752223594380E-032
  -5.3910649410741324E-030
  -4.9737977882615538E-030
   1.9101120038642929E-029
   3.7591824048581908E-029
  -5.2876459600046322E-029
  -2.0761565299619529E-028
   7.1015736977306486E-029
   9.7637277386020946E-028
   4.1829350936086023E-028
  -4.0652057313324611E-027
  -4.8292726525903261E-027
   1.4924476794480710E-026
   3.2350236339441674E-026
  -4.5655261843594494E-026
  -1.7876187131322287E-025
   8.9802350318983412E-026
   8.8145211794845704E-025
   1.5975396859729788E-025
  -3.9764042867555333E-024
  -3.2760147733163610E-024
   1.6435125661877444E-023
   2.5586187308313035E-023
  -6.0924445504694659E-023
  -1.5768010740773435E-022
   1.8879275562319616E-022
   8.5836105066114789E-022
  -3.6156954566208994E-022
  -4.2760862522978393E-021
  -9.3092243342978245E-022
   1.9672167995174371E-020
   1.6674733865835055E-020
  -8.2898789791621601E-020
  -1.3167062425536060E-019
   3.0990811574021565E-019
   8.2660508173389838E-019
  -9.3336650187892913E-019
  -4.5541407651682445E-018
   1.3704612402305345E-018
   2.2616708918377700E-017
   9.2823455699264491E-018
  -1.0097121793685359E-016
  -1.1757454957601921E-016
   3.9230723654098718E-016
   8.5647951659636847E-016
  -1.1931386773531505E-015
  -5.0091408261365259E-015
   1.5390374474609409E-015
   2.4949174571315882E-014
   1.4318147504919076E-014
  -1.0465202825426521E-013
  -1.6300733138925347E-013
   3.3658350366901763E-013
   1.0885673123425533E-012
  -4.7861172315528020E-013
  -5.5525494595553815E-012
  -3.6999878125138333E-012
   2.1566474743798800E-011
   4.1522893049027136E-011
  -5.0127479842389761E-011
  -2.5035594072591919E-010
  -8.5858730128762791E-011
   1.0219075252889262E-009
   1.7557311265290852E-009
  -2.1484127433800331E-009
  -1.0907409802457068E-008
  -6.6402463355316782E-009
   3.7905743033725864E-008
   8.9236129258082413E-008
  -1.8534672871843391E-008
  -4.1735453386455149E-007
  -6.5406159131213325E-007
   5.8862187175606034E-007
   3.8730962172275922E-006
   5.0774426189563079E-006
  -5.8589370086644325E-006
  -3.3128156124950775E-005
  -4.7633588057230592E-005
   2.7259033248696234E-005
   2.5312795003643891E-004
   4.9795072140217621E-004
   2.4604499333668006E-004
  -1.2850989761616213E-003
  -4.3377874368017069E-003
  -7.0869499048160384E-003
  -4.1417653282263839E-003
   1.3468627859031400E-002
   5.5545304635388773E-002
  0.12740821370117245     
  0.22438079637890471     
  0.32967053148177278     
  0.41817359394066528     
  0.46548516105907234     
  0.45795145196789200     
  0.39845703465035842     
  0.30484160962750695     
  0.20201163821871221     
  0.11215967068329255     
   4.7941093010017567E-002
   1.1072542852933402E-002
  -4.4560249420651067E-003
  -7.3892021010590198E-003
  -5.2002225837738782E-003
  -2.3549258428677677E-003
  -5.4831332585745390E-004
   1.5632222354772772E-004
   2.4266523144906093E-004
   1.3591093586579409E-004
   4.0128288534856861E-005
  -1.6095679250048902E-006
  -8.7856774026882824E-006
  -4.9468358043928510E-006
  -1.2795550985470157E-006
   1.3360644959561628E-007
   2.7838014019840133E-007
   1.2110069596760798E-007
   1.7996680043861195E-008
  -8.7298927743318130E-009
  -6.4084027681915831E-009
  -1.6609398842316791E-009
   1.0072346193832059E-010
   2.3890409294402864E-010
   8.1586062288950151E-011
   4.5085579233523365E-012
  -6.9040578935108593E-012
  -2.8566254201389337E-012
  -2.9776975996727799E-013
   1.6547363365181471E-013
   7.7759017469961784E-014
   9.5217620959332942E-015
  -3.4758932069826871E-015
  -1.7048396120282162E-015
  -2.0592718934926666E-016
   6.5889931167031490E-017
   3.0437202091005911E-017
   3.1903139630315813E-018
  -1.1147187942868602E-018
  -4.4077474950490369E-019
  -3.4688560062549220E-020
   1.6180063190864790E-020
   5.1114704571660791E-021
   2.3226528693219389E-022
  -1.9319697072005855E-022
  -4.6624351349825796E-023
  -2.8857964288838554E-025
   1.8398670523911561E-024
   3.2725167097131485E-025
  -1.3348142920383882E-026
  -1.3707694895154878E-026
  -1.7161720276089740E-027
   1.7627471799730961E-028
   7.9008331353424515E-029
   6.3876650053514094E-030
  -1.2941701719080936E-030
  -3.5011497234085526E-031
  -1.4703525034947688E-032
   6.5338201713289849E-033
   1.1890159708512291E-033
   6.9675567566197645E-036
  -2.4179518413538121E-035
  -3.0904657307881267E-036
   9.4267007256111417E-038
   6.7673615678316205E-038
   6.1471924133988009E-039
  -4.3449190874826725E-040
  -1.4629799856877204E-040
  -9.3683980221963053E-042
   1.1210215117970387E-042
   2.4864434461275113E-043
   1.0986792991359308E-044
  -2.0284329434405503E-045
  -3.3778435374504077E-046
  -1.0060527687307441E-047
   2.7569297273995890E-048
   3.7264119300364502E-049
   7.5232563231127259E-051
  -2.9055108771925593E-051
  -3.3856580121629966E-052
  -5.1164178777950599E-054
   2.4144341891041062E-054
   2.5600286695147024E-055
   3.6380370457116876E-057
  -1.5936171980035553E-057
  -1.6190805126354123E-058
  -2.7278397917514500E-060
   8.3457644336864531E-061
   8.5531509473016758E-062
   1.8912376780308280E-063
  -3.4292307544965986E-064
  -3.7471015954171070E-065
  -1.0893162961005882E-066
   1.0747795784129047E-067
   1.3454281400291138E-068
   4.9897892909184930E-070
  -2.3933650375012869E-071
  -3.8973485539613519E-072
  -1.7947856213813202E-073
   2.9013937205827003E-075
   8.9139567099286397E-076
   5.0505017680182281E-077
   2.5517421388313285E-079
  -1.5547158027707570E-079
  -1.1076983314753761E-080
  -2.2745120946570505E-082
   1.9173274259607177E-083
   1.8774160987941519E-084
   6.2670113299626633E-086
  -1.2662900707148995E-087
  -2.4108809866407442E-088
  -1.1174598904701099E-089
  -6.8591802032507260E-092
   2.2342233412528007E-092
   1.4329342747023176E-093
   3.1714745949791174E-095
  -1.2752098932540028E-096
  -1.3480339643715405E-097
  -4.7576709353053957E-099
   4.5121305934983224E-102
   9.0395244762269096E-102
   4.6007775597855346E-103
   7.8413871370372361E-105
  -3.7637743793912063E-106
  -3.1427128507416745E-107
  -9.4801201621684184E-109
   2.0650967686466340E-111
   1.4984293957667863E-111
   6.7517568624620292E-113
   1.0521474045762804E-114
  -4.2787868368633302E-116
  -3.3083841161359779E-117
  -9.3174798444660469E-119
  -2.1829371643771401E-122
   1.1058285341482036E-121
   4.7642579500145964E-123
   7.6535595432577023E-125
  -2.0394035533392113E-126
  -1.6586660561644073E-127
  -4.6316997232315059E-129
  -1.8402447957365082E-131
   3.8289883968580207E-132
   1.6772979146813480E-133
   2.9205891742812744E-135
  -4.0777133658119266E-137
  -4.1271307902893777E-138
  -1.1883855372950276E-139
  -9.0971895530419375E-142
   6.4346403033697361E-143
   3.0447501493293601E-144
   5.8119990716730277E-146
  -2.7485341566234246E-148
  -5.2756855377128295E-149
  -1.6135051646699074E-150
  -1.7434341501551546E-152
   5.3097522267022402E-154
   2.9420373521905658E-155
   6.1548028194911638E-157
   9.9758861789496432E-160
  -3.5633783551196311E-160
  -1.1936723576303330E-161
  -1.6014624494253225E-163
   2.0654070743819470E-165
   1.5598641970696673E-166
   3.5802259347614984E-168
   2.1565389568772229E-170
  -1.2950823372086092E-171
  -4.9618915700672993E-173
  -7.7618170865936019E-175
   2.7949330015378158E-177
   4.6635537574005249E-178
   1.1838234177215294E-179
   1.0884253492702408E-181
  -2.5263404476873420E-183
  -1.1939865618171099E-184
  -2.1106767230600907E-186
  -4.1408348775231691E-189
   8.0362920088553764E-190
   2.2996321134676986E-191
   2.6698732657309260E-193
  -2.4824828952730421E-195
  -1.7092540383003493E-196
  -3.3714807334665790E-198
  -1.8895215997635770E-200
   8.0822228797174402E-202
   2.7051410125880843E-203
   3.6755992260746685E-205
  -7.9593452952697633E-208
  -1.4906354889283389E-208
  -3.2829943942860918E-210
  -2.6843240757921668E-212
   4.7106560692916689E-214
   1.9802866477656360E-215
   3.0396166507949695E-217
   6.4009319233474934E-220
  -8.0702354017371385E-221
  -2.0107900008391252E-222
  -2.0358593099223319E-224
   1.4936296368571535E-226
   9.2421416175601755E-228
   1.5778887425633946E-229
   7.7802494830639512E-232
  -2.7442382513510483E-233
  -7.9593802268911793E-235
  -9.3185479708139795E-237
   1.7577523945554585E-239
   2.8084233141285790E-240
   5.3152447085163725E-242
   3.6897763593317559E-244
  -5.8539315676703953E-246
  -2.0852358600166046E-247
  -2.7294264717380902E-249
  -3.9999580456454038E-252
   5.6558423942306020E-253
   1.1938525185657449E-254
   1.0103675811171641E-256
  -7.5872793997781513E-259
  -3.6930447636304896E-260
  -5.3123179580791901E-262
  -1.9742918074325536E-264
   7.6541989940280864E-266
   1.8299848241105975E-267
   1.7709021948743665E-269
  -5.1609285667415025E-272
  -4.5059207672865260E-273
  -7.0672870451330618E-275
  -3.7619994837974642E-277
   7.0215106862860958E-279
   1.9538560212522118E-280
   2.0895660203269191E-282
  -9.4052820612531611E-287
  -3.8523712704294727E-286
  -6.5761766456309612E-288
  -4.2894236869264964E-290
   4.3665610884796440E-292
   1.4799649240638123E-293
   1.7146379899300197E-295
   3.2397182116023419E-298
  -2.3434481947730765E-299
  -4.3651473739489780E-301
  -3.2516695912339715E-303
   1.8085260865915040E-305
   8.0867647333753431E-307
   1.0024602848688345E-308
   3.2676642675079910E-311
  -1.0283535337325323E-312
  -2.1031519928470315E-314
  -1.7209440819373469E-316
   4.6541971969537107E-319
   3.2376121771976886E-320
   4.2489645542347203E-322
   0.0000000000000000     
   0.0000000000000000     
   0.0000000000000000     
   0.0000000000000000     
   0.0000000000000000     
   0.0000000000000000     
   0.0000000000000000     
   0.0000000000000000     
   0.0000000000000000     
   0.0000000000000000     
   0.0000000000000000     
   0.0000000000000000     
   0.0000000000000000     
   0.0000000000000000     
   0.0000000000000000     
   0.0000000000000000     
   0.0000000000000000     
   0.0000000000000000     
   0.0000000000000000     
   0.0000000000000000     
   0.0000000000000000     
   0.0000000000000000     
   0.0000000000000000     
   0.0000000000000000     
   0.0000000000000000     
   0.0000000000000000     
   0.0000000000000000     
   0.0000000000000000     
   0.0000000000000000     
   0.0000000000000000     
   0.0000000000000000     
   0.0000000000000000     
   0.0000000000000000     
   0.0000000000000000     
   0.0000000000000000     
   0.0000000000000000     
   0.0000000000000000     
   0.0000000000000000     
   0.0000000000000000     
   0.0000000000000000     
   0.0000000000000000     
   0.0000000000000000     
   0.0000000000000000     
   0.0000000000000000     
   0.0000000000000000     
   0.0000000000000000     
   0.0000000000000000     
   0.0000000000000000     
   0.0000000000000000     
   0.0000000000000000     
   0.0000000000000000     
   0.0000000000000000     
   0.0000000000000000     
   0.0000000000000000     
   0.0000000000000000     
   0.0000000000000000     
   0.0000000000000000     
   0.0000000000000000     
   0.0000000000000000     
   0.0000000000000000     
   0.0000000000000000     
   0.0000000000000000     
   0.0000000000000000     
   0.0000000000000000     
   0.0000000000000000     
   0.0000000000000000     
   0.0000000000000000     
   0.0000000000000000     
   0.0000000000000000     
   0.0000000000000000     
