  -6.4945164412991208E-107
  -9.2404428596464718E-107
  -1.1510644072700548E-106
  -1.0927079965471267E-106
  -2.5431109566966483E-107
   2.1730261055174393E-106
   7.0743797384826542E-106
   1.4337749388970983E-105
   2.0197328895666633E-105
   1.3003753039132757E-105
  -2.8757932521015965E-105
  -1.2314523406741243E-104
  -2.3245189550616267E-104
  -1.6478029551867106E-104
   4.6248004169392407E-104
   1.8214279124372553E-103
   2.5278483118268348E-103
  -1.9039577273458531E-103
  -1.5671173906111250E-102
  -2.5201319821023799E-102
   2.3546610937691622E-102
   1.7269247052819775E-101
   1.9845968492806289E-101
  -5.8144085505514608E-101
  -2.0435440886780450E-100
   2.6587097418326236E-101
   1.2421157320294683E-099
   1.3807217137174969E-099
  -6.2321591868403355E-099
  -1.4944740913822151E-098
   2.8572103796558508E-098
   1.2113319985141625E-097
  -1.2999057729553349E-097
  -9.1485008590214708E-097
   6.8503892341176014E-097
   6.8885212002456642E-096
  -5.1689635053902275E-096
  -5.2585502587700099E-095
   5.5196480491473100E-095
   3.9991578634265545E-094
  -6.7103766836346296E-094
  -2.8714420513462922E-093
   8.0289346805550079E-093
   1.7084233961356017E-092
  -8.8608736063953480E-092
  -4.4454779299791652E-092
   8.5653043707130715E-091
  -8.4448358218653987E-091
  -6.5804784251753096E-090
   1.9102782855542609E-089
   2.7587432652558886E-089
  -2.3650457613042875E-088
   2.1700931627206682E-088
   1.8489574209904588E-087
  -6.3411998087175954E-087
  -3.4368995440703264E-087
   7.2524812014156073E-086
  -1.5197658325337241E-085
  -3.3838931899381697E-085
   2.5130420399941416E-084
  -3.6709639813732650E-084
  -1.5583331295729907E-083
   8.6394736152674522E-083
  -1.0446991703163971E-082
  -5.9169834559874870E-082
   3.0815455774873454E-081
  -3.9831266587269400E-081
  -1.9906297282367376E-080
   1.1404775560079286E-079
  -1.9135764042545985E-079
  -5.6098059624392771E-079
   4.2288251934100092E-078
  -9.8375372291326785E-078
  -9.3017143186808276E-078
   1.4713434044842471E-076
  -4.8249908925264013E-076
   2.9222444056555349E-076
   4.2570695688267586E-075
  -2.0995964683819466E-074
   4.0058499728312316E-074
   6.7535414348929900E-074
  -7.4391022933220066E-073
   2.4651583900526729E-072
  -2.4004028597463049E-072
  -1.7156427799679187E-071
   1.0337717058480096E-070
  -2.7229739832649609E-070
   8.1968172459426388E-071
   2.6311813971792610E-069
  -1.2926505984771111E-068
   3.0927499970402481E-068
  -4.6932767751837018E-069
  -3.0334383678136784E-067
   1.4598612129645721E-066
  -3.7681769165817600E-066
   3.4214715882950771E-066
   1.9505865764542446E-065
  -1.2594264622642483E-064
   4.5684040377424026E-064
  -1.2861631261289694E-063
   2.8346638973732359E-063
  -1.5926539644221516E-063
  -3.7712803491829247E-062
   3.1454992585296738E-061
  -1.5548153087245910E-060
   4.9236790875841553E-060
  -4.9645816682117659E-060
  -5.3315676021472090E-059
   4.2165640570416739E-058
  -1.7465146481686959E-057
   3.9106763318381759E-057
   4.0216748357688978E-057
  -8.5705660484660067E-056
   4.5158651252720525E-055
  -1.3779629850302497E-054
   1.3160996002477622E-054
   1.2983589091787665E-053
  -9.6189982871084585E-053
   3.7233648519238709E-052
  -7.6256158976122487E-052
  -1.0028298796988266E-051
   1.6965505733754489E-050
  -8.4154896196074828E-050
   2.4370556445879615E-049
  -2.0312577313802276E-049
  -2.3099566314408681E-048
   1.6216977601487105E-047
  -6.0614134086394418E-047
   1.1927394150881916E-046
   1.6851032232445770E-046
  -2.6337300551066977E-045
   1.2674429973573703E-044
  -3.5532407059695111E-044
   2.6251257881308711E-044
   3.4137362150932502E-043
  -2.2878265834409497E-042
   8.2058579025456730E-042
  -1.4854491415042137E-041
  -2.8377961554104636E-041
   3.5927889984799925E-040
  -1.6137450941298818E-039
   4.1085959631608856E-039
  -1.0672825571129055E-039
  -4.8908640990933442E-038
   2.8180190101671609E-037
  -8.8848242333286956E-037
   1.1064875713147713E-036
   5.6861735635133187E-036
  -4.5018877468315699E-035
   1.6667692252604534E-034
  -3.0286427736046440E-034
  -5.4973341149354627E-034
   6.7849343085463567E-033
  -2.8441235928812125E-032
   6.1341305973715448E-032
   4.4061772800810556E-032
  -1.0005730948643237E-030
   4.5424542168802902E-030
  -1.0453111867816533E-029
  -4.0842227677912311E-030
   1.4979045668368892E-028
  -6.8927305179650992E-028
   1.5381548908918754E-027
   9.4078157589255693E-028
  -2.3168400104544259E-026
   9.8904888933823631E-026
  -1.8813927005117443E-025
  -3.0172853161682572E-025
   3.6175855273850558E-024
  -1.2918363554214288E-023
   1.5792332339793525E-023
   7.9932727755459783E-023
  -5.3203803955736109E-022
   1.3801470820976864E-021
   1.8427664821053692E-022
  -1.6348373119984722E-020
   6.5172312611132017E-020
  -8.1616049885932999E-020
  -3.9494184988538981E-019
   2.4277754543761162E-018
  -4.9588244152404207E-018
  -7.6383156450880370E-018
   8.0602233246297408E-017
  -2.0508970498606102E-016
  -1.3526078728637401E-016
   2.5780321476633859E-015
  -6.9956214198625469E-015
  -4.1667865054845474E-015
   8.2943286200810400E-014
  -2.0091812578049981E-013
  -2.5243833171579187E-013
   2.6294766609464081E-012
  -4.2766390516432344E-012
  -1.4645645116680025E-011
   7.3403555023114338E-011
  -2.0374433802697116E-011
  -6.3093171317065813E-010
   1.3260214364531657E-009
   3.4367184521705914E-009
  -1.6663958776537180E-008
  -8.3918425709765164E-009
   1.5093778517499530E-007
  -6.2301092749970184E-008
  -1.2028200477676021E-006
   1.0278615939575655E-006
   9.3758052433352994E-006
  -7.4723964748319654E-006
  -7.4325486915405772E-005
   1.0466935181304890E-005
   5.5604055317505811E-004
   6.1440843882248789E-004
  -2.9276772913738570E-003
  -9.9165310841435698E-003
  -3.8003854068838195E-003
   5.3441742173896217E-002
  0.19604973692897271     
  0.40750044255594065     
  0.60265877613707075     
  0.67734742859204478     
  0.59000891150996415     
  0.39454911401140180     
  0.19237856126195768     
   5.6531355163855795E-002
  -1.8848860776777693E-003
  -1.2202866755310196E-002
  -6.6306567312645615E-003
  -1.5088640241339084E-003
   2.2211624721272421E-004
   2.8046685519106878E-004
   8.1355019360603557E-005
  -2.0110351465215217E-007
  -7.4120579403636355E-006
  -2.0976402707385930E-006
  -4.3440081694814244E-009
   1.3714309590858924E-007
   3.0320188513225802E-008
  -1.2008982188382685E-009
  -1.6800149415616903E-009
  -2.3796321197033616E-010
   2.7161088777917116E-011
   1.2378611869755422E-011
   8.7711335875519525E-013
  -2.3473851355694963E-013
  -5.1364745603390145E-014
  -6.5362511642492934E-016
   9.8341384739207538E-016
   1.1647746066030368E-016
  -4.5496196289889036E-018
  -2.1901212640606283E-018
  -1.4387406619197661E-019
   1.3672542608636286E-020
   2.7772977410396652E-021
   9.9407787263422287E-023
  -1.6757718776975370E-023
  -2.1422454020643963E-024
  -4.2715383595935150E-026
   1.1048479917360660E-026
   1.0658541687786746E-027
   1.5192009880770432E-029
  -4.2609923764127722E-030
  -3.5488341804126827E-031
  -5.5433359579330570E-033
   9.8559154595896041E-034
   7.9627658880769220E-035
   1.6474358055432615E-036
  -1.3411336304180444E-037
  -1.1874345452643727E-038
  -3.2004611942301045E-040
   9.6591541417005450E-042
   1.1526593012264200E-042
   3.8725397048355561E-044
  -1.6793183655848918E-046
  -7.0938081547258366E-047
  -2.9493283831319046E-048
  -2.9412938647904436E-050
   2.6136623822965888E-051
   1.4379010838495432E-052
   2.7758867978820658E-054
  -4.5666020522307924E-056
  -4.5084676354249716E-057
  -1.2280766051414201E-058
  -4.0419747063741698E-061
   8.8197943159193438E-062
   3.3045211190431358E-063
   4.3621294576518021E-065
  -9.1364558439703966E-067
  -5.7545927891378457E-068
  -1.1833452000692219E-069
  -9.4370027247440784E-073
   6.4275343609104545E-073
   1.8755077143801937E-074
   1.9055878097802628E-076
  -3.9976640198808235E-078
  -1.9464336974582009E-079
  -3.2628169179723813E-081
   5.8744298112853437E-086
   1.3275853730547101E-084
   3.2195779697031550E-086
   2.7034543742431685E-088
  -5.2111711494166130E-090
  -2.1158209154986942E-091
  -3.0158458470789218E-093
   8.0946768081195877E-097
   9.3494726319025257E-097
   1.9493140096548260E-098
   1.4016784526338870E-100
  -2.4445879265866991E-102
  -8.5514151130094835E-104
  -1.0595573185372418E-105
   4.3507692962205443E-109
   2.5776538711217255E-109
   4.6993802668779153E-111
   2.9300344592494510E-113
  -4.7278308400404952E-115
  -1.4408039726517371E-116
  -1.5674044981430804E-118
   9.6433940100067113E-122
   3.0984525888488017E-122
   4.9744929904769392E-124
   2.6829679500324731E-126
  -4.1802685768135350E-128
  -1.1093369010226381E-129
  -1.0620876173075569E-131
   9.9942278284125332E-135
   1.7695744342694469E-135
   2.5046059586538662E-137
   1.1526814201330597E-139
  -1.8311908655012213E-141
  -4.2066765960612675E-143
  -3.5344613695411363E-145
   4.9851366826257400E-148
   5.1482446644015798E-149
   6.4079445752350860E-151
   2.4533221040762006E-153
  -4.2340757055913764E-155
  -8.3577812503733033E-157
  -6.1197113601730325E-159
   1.2503889338948603E-161
   8.0794256791883150E-163
   8.8025235959080163E-165
   2.6865610775750557E-167
  -5.4368464113353008E-169
  -9.1608003394135073E-171
  -5.7812697721302371E-173
   1.6620770573679337E-175
   7.1732892653602303E-177
   6.7989812361392429E-179
   1.5332072467522854E-181
  -4.0424145013483044E-183
  -5.7854569498534292E-185
  -3.0963052959577046E-187
   1.2314989686697813E-189
   3.7505512901471690E-191
   3.0692423877793960E-193
   4.3471243146095157E-196
  -1.8028898699685624E-197
  -2.1842379819703306E-199
  -9.6779366639978684E-202
   5.3198948254238938E-204
   1.1949674475306991E-205
   8.3628174311824586E-208
   4.2185281966614035E-211
  -4.9728307918135085E-212
  -5.0865765157256747E-214
  -1.7963665934421681E-216
   1.3931284358912364E-218
   2.3893092395071428E-220
   1.4117182786003914E-222
  -7.5191062596859662E-226
  -8.7143442009228238E-227
  -7.5033423315864325E-229
  -1.9757510877250875E-231
   2.2873511475648783E-233
   3.0753500661377151E-235
   1.5057358494958227E-237
  -2.6926286518177908E-240
  -9.9370542042078973E-242
  -7.1685530240860068E-244
  -1.2224005316378113E-246
   2.4244137074494711E-248
   2.6048390345736359E-250
   1.0262630765097440E-252
  -3.5400141621292018E-255
  -7.5324735038975138E-257
  -4.5152264054703311E-259
  -3.1620229572520694E-262
   1.7015210594206642E-263
   1.4794830393672949E-265
   4.4572078080196054E-268
  -2.6538387163920236E-270
  -3.8680701705224448E-272
  -1.8987499531674605E-274
   8.8010702125499628E-278
   8.0841023141111507E-279
   5.7235477693640872E-281
   1.1899489548527871E-283
  -1.2649603241834262E-285
  -1.3681170988889293E-287
  -5.3582824309671954E-290
   1.0429553957097489E-292
   2.6506371180481906E-294
   1.5262771106565874E-296
   1.6584915668038489E-299
  -4.0368824738834929E-301
  -3.3802107538937919E-303
  -1.0060422174008679E-305
   4.1464050958680548E-308
   6.0983094277799603E-310
   2.8252159222396657E-312
  -1.4753775470404512E-316
  -8.9069655625957627E-317
  -5.8996872835549091E-319
  -1.1906982064774042E-321
   1.4821969375237396E-323
   0.0000000000000000     
   0.0000000000000000     
   0.0000000000000000     
   0.0000000000000000     
   0.0000000000000000     
   0.0000000000000000     
   0.0000000000000000     
   0.0000000000000000     
   0.0000000000000000     
   0.0000000000000000     
   0.0000000000000000     
   0.0000000000000000     
   0.0000000000000000     
   0.0000000000000000     
   0.0000000000000000     
   0.0000000000000000     
   0.0000000000000000     
   0.0000000000000000     
   0.0000000000000000     
   0.0000000000000000     
   0.0000000000000000     
   0.0000000000000000     
   0.0000000000000000     
   0.0000000000000000     
   0.0000000000000000     
   0.0000000000000000     
   0.0000000000000000     
   0.0000000000000000     
   0.0000000000000000     
   0.0000000000000000     
   0.0000000000000000     
   0.0000000000000000     
   0.0000000000000000     
   0.0000000000000000     
   0.0000000000000000     
   0.0000000000000000     
   0.0000000000000000     
   0.0000000000000000     
   0.0000000000000000     
   0.0000000000000000     
   0.0000000000000000     
   0.0000000000000000     
   0.0000000000000000     
   0.0000000000000000     
   0.0000000000000000     
   0.0000000000000000     
   0.0000000000000000     
   0.0000000000000000     
   0.0000000000000000     
   0.0000000000000000     
   0.0000000000000000     
   0.0000000000000000     
   0.0000000000000000     
   0.0000000000000000     
   0.0000000000000000     
   0.0000000000000000     
   0.0000000000000000     
   0.0000000000000000     
   0.0000000000000000     
   0.0000000000000000     
   0.0000000000000000     
   0.0000000000000000     
   0.0000000000000000     
   0.0000000000000000     
   0.0000000000000000     
   0.0000000000000000     
   0.0000000000000000     
   0.0000000000000000     
   0.0000000000000000     
   0.0000000000000000     
   0.0000000000000000     
   0.0000000000000000     
   0.0000000000000000     
   0.0000000000000000     
   0.0000000000000000     
   0.0000000000000000     
   0.0000000000000000     
   0.0000000000000000     
   0.0000000000000000     
   0.0000000000000000     
   0.0000000000000000     
   0.0000000000000000     
   0.0000000000000000     
   0.0000000000000000     
   0.0000000000000000     
   0.0000000000000000     
