  -3.2357492036561005E-021
  -4.0133085911017984E-021
  -4.7497782530128849E-021
  -5.3913672596896263E-021
  -5.8439291604000172E-021
  -5.9651750646764767E-021
  -5.5555914268775622E-021
  -4.3519317608464052E-021
  -2.0279966410420168E-021
   1.7903394606114222E-021
   7.4861406228284196E-021
   1.5376045935069071E-020
   2.5584551131856259E-020
   3.7855431193530990E-020
   5.1295273530361946E-020
   6.4061640818891439E-020
   7.3040789692846339E-020
   7.3611319079310492E-020
   5.9661431987210178E-020
   2.4111353594402769E-020
  -3.9733588460908264E-020
  -1.3565564958225567E-019
  -2.6059396793045185E-019
  -3.9943491995863691E-019
  -5.1935899157368141E-019
  -5.6572668731153405E-019
  -4.6300906774076022E-019
  -1.2581601640531064E-019
   5.1418091078932102E-019
   1.4611397570576270E-018
   2.5892146291285868E-018
   3.5714762725262169E-018
   3.8360792862040876E-018
   2.6053216019681870E-018
  -9.0897245302934496E-019
  -7.0867195973939629E-018
  -1.5248822542623748E-017
  -2.2904960272297911E-017
  -2.5260639506276049E-017
  -1.5621446762071942E-017
   1.2484428600513215E-017
   6.0822301391513216E-017
   1.1986057572482634E-016
   1.6223402466545503E-016
   1.4120173565519258E-016
   1.6392164931370566E-018
  -2.8890966565115824E-016
  -6.8790357435577807E-016
  -1.0190540617083875E-015
  -9.4759858609090896E-016
  -5.5784129650727088E-017
   1.9126866984113656E-015
   4.6271625208190802E-015
   6.7001694031160103E-015
   5.5428079259925379E-015
  -1.8708204896642630E-015
  -1.6791054920471060E-014
  -3.5136392711282868E-014
  -4.4180135607423959E-014
  -2.3117734568304658E-014
   4.7512073171816029E-014
   1.6445376177807163E-013
   2.7326450993938685E-013
   2.5230120625107279E-013
  -5.5579534861347867E-014
  -7.2743576048939116E-013
  -1.5622304263486511E-012
  -1.8952410609412417E-012
  -6.4931238136041463E-013
   3.0786390025099884E-012
   8.7504947735353581E-012
   1.2850157715532938E-011
   8.4290190414238942E-012
  -1.2089481027616174E-011
  -4.9111126226792661E-011
  -8.4510842238948564E-011
  -7.4551913718751661E-011
   3.7964568829279148E-011
   2.7691332412905420E-010
   5.5315526571434158E-010
   5.9546779346918824E-010
  -9.2797138254841959E-012
  -1.5444883116117834E-009
  -3.6233442791511651E-009
  -4.6027521968244184E-009
  -1.5752492855130976E-009
   8.1529084064082038E-009
   2.3529518752254763E-008
   3.5123616944245861E-008
   2.3085162344308868E-008
  -3.5945521267961201E-008
  -1.4715314315488721E-007
  -2.6312746523060654E-007
  -2.5603423655580577E-007
   6.2693791688259905E-008
   8.2521047849805469E-007
   1.8736442697849968E-006
   2.4858273053554767E-006
   1.2871528111883930E-006
  -3.2903796603075795E-006
  -1.1674567858513628E-005
  -2.1006060519682363E-005
  -2.3081223272560391E-005
  -4.4067518529387617E-006
   4.8827127208647355E-005
   1.3861670168888849E-004
   2.3660616891904527E-004
   2.6566540454683716E-004
   9.5475374924083848E-005
  -4.2832903843646947E-004
  -1.4028705625559424E-003
  -2.7282316163959736E-003
  -3.9276355536089222E-003
  -3.9787363889617431E-003
  -1.2355609941360401E-003
   6.4716842319709218E-003
   2.1499230635496389E-002
   4.5821485892122635E-002
   8.0330429096307290E-002
  0.12418776310445354     
  0.17445726077990795     
  0.22621175560938056     
  0.27319459549230080     
  0.30894663031694719     
  0.32814305099457935     
  0.32778439538922705     
  0.30789891741350611     
  0.27154452501576570     
  0.22410612773898758     
  0.17209506002696381     
  0.12179563794182421     
   7.8123284932554521E-002
   4.3959746632458274E-002
   2.0058873909291522E-002
   5.4392085395543431E-003
  -1.9415913287666501E-003
  -4.4692685623044020E-003
  -4.3037612098457646E-003
  -3.0551931022717365E-003
  -1.7039693834385162E-003
  -6.9592066552562977E-004
  -1.1903871730975551E-004
   1.1863171437407610E-004
   1.5743982068162693E-004
   1.1404909446222433E-004
   5.8292354980941130E-005
   1.8907941940088239E-005
  -3.4651365561462582E-007
  -5.8421557194227954E-006
  -4.9821879376869616E-006
  -2.6182392123715257E-006
  -8.3329893938498430E-007
   1.0560138219947332E-008
   2.2230717585886444E-007
   1.7093192340851083E-007
   7.6459142105372496E-008
   1.6610545219563437E-008
  -5.5234735217091033E-009
  -7.6994605134406290E-009
  -4.1856171207622001E-009
  -1.2252337498189317E-009
   4.9436328061932860E-011
   2.8124141647702177E-010
   1.7110684529313376E-010
   5.3503823948857135E-011
   8.3545312078357469E-013
  -9.2805141838780160E-012
  -5.6228215010182336E-012
  -1.6351271321900731E-012
   2.6757517860197777E-014
   2.8392058971990669E-013
   1.4923752879945653E-013
   3.4639305829775135E-014
  -4.7528150704560041E-015
  -7.5340253554098155E-015
  -3.0486145305212134E-015
  -4.2115658918252962E-016
   2.1655235040847058E-016
   1.5647677116298701E-016
   4.3025128699459138E-017
  -5.9157326938011568E-019
  -5.5286591915842383E-018
  -2.2797267451588380E-018
  -3.0681532720944529E-019
   1.3241640922712073E-019
   8.6383662671352073E-020
   1.9500978485705279E-020
  -1.5400907007379290E-021
  -2.5430100675474602E-021
  -7.7611187867560164E-022
  -3.4163576606436621E-023
   6.0090044332826953E-023
   2.3605264645219846E-023
   2.6214400835647879E-024
  -1.1536588575354335E-024
  -5.8621636802497784E-025
  -9.0814294048277840E-026
   1.7968149092655450E-026
   1.2283995902815544E-026
   2.2829493342441206E-027
  -2.2317245686522316E-028
  -2.2154418670158309E-028
  -4.5989089208124278E-029
   2.1099877064100023E-030
   3.4838213111177796E-030
   7.7147749607947647E-031
  -1.3218719890264317E-032
  -4.8164594889072100E-032
  -1.0977194088271903E-032
   1.9881556754220820E-035
   5.8802148846685972E-034
   1.3373608578408367E-034
   6.4178386636796877E-037
  -6.3460739741680965E-036
  -1.4016174196234736E-036
  -7.5722764770006562E-039
   6.0443338223610216E-038
   1.2662590068151186E-038
   2.2436614951690747E-041
  -5.0633665114317493E-040
  -9.8676668908398770E-041
   4.7555727491080900E-043
   3.7150026303957771E-042
   6.6337753102229419E-043
  -8.8845617344036102E-045
  -2.3775311123798803E-044
  -3.8481882439178524E-045
   8.9085783635204917E-047
   1.3226681708023624E-046
   1.9276944341074347E-047
  -6.4355972596825493E-049
  -6.3806591945135365E-049
  -8.3528441683014730E-050
   3.6257859286006703E-051
   2.6653467045245966E-051
   3.1394892235205217E-052
  -1.6475615705991462E-053
  -9.6362425121591079E-054
  -1.0276338229305346E-054
   6.1421297184522434E-056
   3.0160436660792226E-056
   2.9439855879948621E-057
  -1.8955796697768272E-058
  -8.1779755592152450E-059
  -7.4222589816720977E-060
   4.8611810227856196E-061
   1.9225431996738907E-061
   1.6553163771028975E-062
  -1.0347974872565240E-063
  -3.9205255195494955E-064
  -3.2779816973952186E-065
   1.8148952810856373E-066
   6.9335600321553641E-067
   5.7719859398827599E-068
  -2.5733659074383420E-069
  -1.0619811501320440E-069
  -9.0242857171681692E-071
   2.8150471104396423E-072
   1.4044863945849498E-072
   1.2475935014453357E-073
  -2.0482314428957062E-075
  -1.5953709634906964E-075
  -1.5156800860578780E-076
   2.0143199968465767E-079
   1.5431528551371654E-078
   1.6059001171461558E-079
   2.1453562488756547E-081
  -1.2532550749904963E-081
  -1.4712457577514588E-082
  -4.0260538937607574E-084
   8.3358461450785651E-085
   1.1542700220652107E-085
   4.7115405114067326E-087
  -4.3114869310961360E-088
  -7.6651610226777793E-089
  -4.1597632145266593E-090
   1.4909169624774291E-091
   4.2408373432012565E-092
   2.9202081933589982E-093
  -7.6935919626833033E-096
  -1.9059784826001633E-095
  -1.6589968509044454E-096
  -3.3770116703790433E-098
   6.6180471931645244E-099
   7.6416381039480544E-100
   2.9551368286466155E-101
  -1.5416268950543372E-102
  -2.8232287036816599E-103
  -1.5792726158028505E-104
   7.5461545135915287E-107
   8.1161818785756044E-107
   6.2107415524484368E-108
   1.3195370600790797E-109
  -1.6721063174432970E-110
  -1.8719496639800944E-111
  -7.5887521551982818E-113
   1.7258160990405249E-114
   4.2908386044970708E-115
   2.5658711076623338E-116
   3.1146752578169057E-118
  -7.0105761930222130E-119
  -6.2086043088636686E-120
  -2.0651825084191192E-121
   6.0741735471368807E-123
   1.1036112845096976E-123
   5.7801633491289289E-125
   5.7385673289106073E-127
  -1.3555624182105015E-127
  -1.0875876050766895E-128
  -3.3935923611796420E-130
   7.9845046511704371E-132
   1.4526287889558678E-132
   7.3096421765489890E-134
   9.1928072799568220E-136
  -1.2719618597314064E-136
  -1.0292789804428398E-137
  -3.3393027504743145E-139
   3.7120439413688582E-141
   9.9712637762585760E-142
   5.1920860030494703E-143
   9.1294908290476042E-145
  -5.7521978219363363E-146
  -5.2896732061289845E-147
  -1.8897234285604209E-148
  -2.4980190588540835E-151
   3.5616439261905851E-151
   2.0531249965465367E-152
   4.7719055340630486E-154
  -1.1275919181263826E-155
  -1.4708917292374795E-156
  -5.9802751743487631E-158
  -6.8132268894818892E-160
   6.4176216194594081E-161
   4.4880423083998263E-162
   1.3025932542716530E-163
  -3.5050578528346779E-166
  -2.1839889495717597E-166
  -1.0499728334636262E-167
  -2.0269488487772255E-169
   5.1407284403992562E-171
   5.3924223898408711E-172
   1.9068822920476470E-173
   1.8466548045161709E-175
  -1.6601052920837886E-176
  -1.0251587486781751E-177
  -2.6713700106523550E-179
   4.8264686976489021E-182
   3.5085782983986428E-182
   1.5380733860293339E-183
   2.7814312920741714E-185
  -5.4304600876040254E-187
  -5.5711416577940511E-188
  -1.8367541540055530E-189
  -1.8749688482843197E-191
   1.1688553321773385E-192
   6.9703744029446198E-194
   1.7373698459694714E-195
   1.9052553470852014E-198
  -1.6574053180972628E-198
  -7.0164368962847840E-200
  -1.2681165035090765E-201
   1.5094713080211441E-203
   1.7856811774561255E-204
   5.7271838468036206E-206
   6.5614672268589884E-208
  -2.4877765550539559E-209
  -1.5342912056142234E-210
  -3.7807550154934234E-212
  -1.5608605608786206E-214
   2.5254332639843378E-215
   1.0739065198624184E-216
   1.9830521193853901E-218
  -1.0991140164417349E-220
  -1.9310237993469012E-221
  -6.1767580996417314E-223
  -7.8359622529999550E-225
   1.7350587845322571E-226
   1.1808521534647148E-227
   2.9178133682312794E-229
   1.9145340139271415E-231
  -1.3469345282094864E-232
  -5.9221129011498251E-234
  -1.1183192886555450E-235
   1.1181689556231584E-238
   7.6116730837892851E-239
   2.4620979871976099E-240
   3.3546734777807272E-242
  -4.2247409509650490E-244
  -3.4172272999153526E-245
  -8.4983767725194410E-247
  -7.0343700268294518E-249
   2.7121883323513680E-250
   1.2599991405254142E-251
   2.4146806375048069E-253
   4.8792762125898324E-256
  -1.1761418976508229E-256
  -3.8702504477626214E-258
  -5.4997330616571080E-260
   3.7563052490322712E-262
   3.9820817758502315E-263
   9.9401048370721211E-265
   9.3005121687355011E-267
  -2.2172913200666136E-268
  -1.1034478276349564E-269
  -2.1219222401986895E-271
  -8.3031464338288800E-274
   7.6319291524699630E-275
   2.5513203092102007E-276
   3.6856326582025120E-278
  -1.2411562495086182E-280
  -1.9922901087179979E-281
  -4.9528326228009262E-283
  -4.9081941336250353E-285
   7.9149539042765106E-287
   4.2240386196890967E-288
   8.0400823690422774E-290
   4.0053635246298276E-292
  -2.2198065681758709E-293
  -7.4657862501051207E-295
  -1.0714741983699065E-296
   1.4713220244016611E-299
   4.5406059350751144E-300
   1.1099744602118992E-301
   1.1132641644583323E-303
  -1.3296563261350904E-305
  -7.4665411830936303E-307
  -1.3845625447556605E-308
  -7.5227658503355404E-311
   3.0752527775663751E-312
   1.0210468508283920E-313
   1.4242054981587904E-315
  -5.4189614101513762E-319
  -4.9735118238609083E-319
  -1.1768643683938493E-320
  -1.0869444208507424E-322
   0.0000000000000000     
   0.0000000000000000     
   0.0000000000000000     
   0.0000000000000000     
   0.0000000000000000     
   0.0000000000000000     
   0.0000000000000000     
   0.0000000000000000     
   0.0000000000000000     
   0.0000000000000000     
   0.0000000000000000     
   0.0000000000000000     
   0.0000000000000000     
   0.0000000000000000     
   0.0000000000000000     
   0.0000000000000000     
   0.0000000000000000     
   0.0000000000000000     
   0.0000000000000000     
   0.0000000000000000     
   0.0000000000000000     
   0.0000000000000000     
   0.0000000000000000     
   0.0000000000000000     
   0.0000000000000000     
   0.0000000000000000     
   0.0000000000000000     
   0.0000000000000000     
   0.0000000000000000     
   0.0000000000000000     
   0.0000000000000000     
   0.0000000000000000     
   0.0000000000000000     
   0.0000000000000000     
   0.0000000000000000     
   0.0000000000000000     
   0.0000000000000000     
   0.0000000000000000     
   0.0000000000000000     
   0.0000000000000000     
   0.0000000000000000     
   0.0000000000000000     
   0.0000000000000000     
   0.0000000000000000     
   0.0000000000000000     
   0.0000000000000000     
   0.0000000000000000     
   0.0000000000000000     
   0.0000000000000000     
   0.0000000000000000     
   0.0000000000000000     
   0.0000000000000000     
   0.0000000000000000     
   0.0000000000000000     
   0.0000000000000000     
   0.0000000000000000     
   0.0000000000000000     
   0.0000000000000000     
   0.0000000000000000     
   0.0000000000000000     
   0.0000000000000000     
   0.0000000000000000     
   0.0000000000000000     
   0.0000000000000000     
   0.0000000000000000     
